 5            0.000099681
 35           0.00264155
 55           0.00747608
 75           0.0112141
 85           0.014703
 105          0.0196372
 115          0.022179
 135          0.0273126
 155          0.0312998
 175          0.0317982
 185          0.0300538
 195          0.0283593
 205          0.0256679
 235          0.0248206
 245          0.0262161
 265          0.0219797
 295          0.019388
 305          0.0202851
 335          0.0185905
 345          0.0175439
 365          0.0189394
 375          0.0160985
 385          0.0155502
 405          0.014055
 435          0.014055
 455          0.00986842
 475          0.00922049
 495          0.00832336
 515          0.0073764
 535          0.00727671
 545          0.00657895
 565          0.00598086
 595          0.00488437
 615          0.00383772
 635          0.00353868
 645          0.00304027
 665          0.00333931
 695          0.00254187
 715          0.00229266
 725          0.00189394
 735          0.00204346
 755          0.00114633
 775          0.00134569
 785          0.00139553
 815          0.00114633
 835          0.000647927
 845          0.000897129
 875          0.000398724
 885          0.000448565
 895          0.000598086
