 5         0.000177274
 15        0.000398865
 25        0.00159546
 35        0.00345683
 45        0.00527389
 55        0.00620457
 65        0.00850913
 75        0.00983868
 85        0.0158217
 95        0.0171069
 105       0.0181262
 115       0.0214944
 125       0.0245524
 135       0.0279649
 145       0.0274331
 155       0.0291615
 165       0.0309785
 175       0.0305354
 185       0.028541
 195       0.0306683
 205       0.0270785
 215       0.0280535
 225       0.028674
 235       0.0263694
 245       0.0245081
 255       0.0237103
 265       0.024774
 275       0.0232672
 285       0.0222035
 295       0.0200762
 305       0.0223808
 315       0.0205637
 325       0.0190569
 335       0.0178603
 345       0.0196774
 355       0.0162648
 365       0.0158217
 375       0.0172399
 385       0.0156444
 395       0.013916
 405       0.0146694
 415       0.0135171
 425       0.0123205
 435       0.0122319
 445       0.0123648
 455       0.0113898
 465       0.0104148
 475       0.00966141
 485       0.00855345
 495       0.00895231
 505       0.00948413
 515       0.0077114
 525       0.00766708
 535       0.00633753
 545       0.00709094
 555       0.00655912
 565       0.0050523
 575       0.00576139
 585       0.00545116
 595       0.00496366
 605       0.0033682
 615       0.00456479
 625       0.00345683
 635       0.00390002
 645       0.00416593
 655       0.00301365
 665       0.00279206
 675       0.0021716
 685       0.00288069
 695       0.00212728
 705       0.00203865
 715       0.00190569
 725       0.00190569
 735       0.00181705
 745       0.00177274
 755       0.00195001
 765       0.0011966
 775       0.0016841
 785       0.00106364
 795       0.00128523
 805       0.00106364
 815       0.000975004
 825       0.000487502
 835       0.000620457
 845       0.000398865
 855       0.000576139
 865       0.000664776
 875       0.00026591
 885       0.00026591
 895       0.00008863
 905       0.000177274
 915       0.000221592
 925       0
 935       0
 945       0
 955       0
 965       0
 975       0
 985       0
 995       0
