 0             0.0
 1             0.000868009
 2             0.00347145
 3             0.00780857
 4             0.0138765
 5             0.021671
 6             0.031187
 7             0.0424181
 8             0.0553567
 9             0.0699942
 10            0.0863208
 11            0.104326
 12            0.123997
 13            0.145321
 14            0.168284
 15            0.192872
 16            0.219067
 17            0.246853
 18            0.276212
 19            0.307124
 20            0.33957
 21            0.373529
 22            0.408978
 23            0.445896
 24            0.484259
 25            0.524043
 26            0.565223
 27            0.607773
 28            0.651667
 29            0.696878
 30            0.743378
 31            0.79114
 32            0.840134
 33            0.890331
 34            0.941702
 35            0.994215
 36            1.04784
 37            1.10255
 38            1.15831
 39            1.21508
 40            1.27284
 41            1.33156
 42            1.3912
 43            1.45173
 44            1.51311
 45            1.57531
 46            1.63831
 47            1.70206
 48            1.76654
 49            1.83171
 50            1.89753
 51            1.96398
 52            2.03102
 53            2.09862
 54            2.16674
 55            2.23536
 56            2.30444
 57            2.37394
 58            2.44384
 59            2.51411
 60            2.58471
 61            2.65561
 62            2.72678
 63            2.7982
 64            2.86982
 65            2.94162
 66            3.01357
 67            3.08565
 68            3.15782
 69            3.23005
 70            3.30232
 71            3.3746
 72            3.44686
 73            3.51907
 74            3.59122
 75            3.66327
 76            3.7352
 77            3.80699
 78            3.8786
 79            3.95003
 80            4.02123
 81            4.0922
 82            4.16291
 83            4.23334
 84            4.30346
 85            4.37326
 86            4.44272
 87            4.51181
 88            4.58053
 89            4.64884
 90            4.71674
 91            4.7842
 92            4.85121
 93            4.91775
 94            4.98381
 95            5.04938
 96            5.11442
 97            5.17894
 98            5.24292
 99            5.30635
 100            5.36921
 101            5.43149
 102            5.49318
 103            5.55427
 104            5.61474
 105            5.67459
 106            5.73381
 107            5.79239
 108            5.85031
 109            5.90758
 110            5.96417
 111            6.0201
 112            6.07534
 113            6.12989
 114            6.18374
 115            6.23689
 116            6.28934
 117            6.34107
 118            6.39209
 119            6.44238
 120            6.49195
 121            6.54078
 122            6.58888
 123            6.63625
 124            6.68288
 125            6.72876
 126            6.7739
 127            6.8183
 128            6.86195
 129            6.90485
 130            6.94699
 131            6.98839
 132            7.02904
 133            7.06894
 134            7.10808
 135            7.14648
 136            7.18412
 137            7.22102
 138            7.25716
 139            7.29256
 140            7.32722
 141            7.36113
 142            7.3943
 143            7.42673
 144            7.45842
 145            7.48937
 146            7.5196
 147            7.54909
 148            7.57785
 149            7.60589
 150            7.63322
 151            7.65982
 152            7.68571
 153            7.71089
 154            7.73536
 155            7.75913
 156            7.7822
 157            7.80458
 158            7.82627
 159            7.84727
 160            7.86759
 161            7.88724
 162            7.90621
 163            7.92452
 164            7.94216
 165            7.95915
 166            7.97548
 167            7.99117
 168            8.00621
 169            8.02062
 170            8.0344
 171            8.04755
 172            8.06008
 173            8.07199
 174            8.08329
 175            8.09399
 176            8.10409
 177            8.1136
 178            8.12252
 179            8.13086
 180            8.13862
 181            8.1458
 182            8.15243
 183            8.1585
 184            8.16401
 185            8.16897
 186            8.17339
 187            8.17728
 188            8.18064
 189            8.18347
 190            8.18579
 191            8.18759
 192            8.18888
 193            8.18968
 194            8.18997
 195            8.18978
 196            8.18911
 197            8.18796
 198            8.18634
 199            8.18425
 200            8.1817
 201            8.1787
 202            8.17525
 203            8.17135
 204            8.16702
 205            8.16226
 206            8.15707
 207            8.15147
 208            8.14545
 209            8.13902
 210            8.13218
 211            8.12495
 212            8.11733
 213            8.10932
 214            8.10093
 215            8.09217
 216            8.08304
 217            8.07354
 218            8.06368
 219            8.05347
 220            8.04291
 221            8.03201
 222            8.02077
 223            8.0092
 224            7.9973
 225            7.98507
 226            7.97254
 227            7.95969
 228            7.94653
 229            7.93307
 230            7.91931
 231            7.90526
 232            7.89093
 233            7.87631
 234            7.86142
 235            7.84625
 236            7.83081
 237            7.81512
 238            7.79916
 239            7.78295
 240            7.76649
 241            7.74979
 242            7.73284
 243            7.71566
 244            7.69825
 245            7.68061
 246            7.66275
 247            7.64467
 248            7.62638
 249            7.60788
 250            7.58917
 251            7.57026
 252            7.55116
 253            7.53186
 254            7.51237
 255            7.4927
 256            7.47284
 257            7.45281
 258            7.43261
 259            7.41223
 260            7.39169
 261            7.37099
 262            7.35013
 263            7.32912
 264            7.30795
 265            7.28664
 266            7.26518
 267            7.24358
 268            7.22185
 269            7.19998
 270            7.17798
 271            7.15586
 272            7.13361
 273            7.11125
 274            7.08876
 275            7.06616
 276            7.04346
 277            7.02064
 278            6.99772
 279            6.9747
 280            6.95158
 281            6.92837
 282            6.90507
 283            6.88167
 284            6.85819
 285            6.83463
 286            6.81098
 287            6.78726
 288            6.76346
 289            6.73959
 290            6.71565
 291            6.69164
 292            6.66757
 293            6.64344
 294            6.61925
 295            6.595
 296            6.57069
 297            6.54634
 298            6.52193
 299            6.49748
 300            6.47298
 301            6.44844
 302            6.42386
 303            6.39924
 304            6.37459
 305            6.3499
 306            6.32518
 307            6.30043
 308            6.27566
 309            6.25086
 310            6.22603
 311            6.20119
 312            6.17632
 313            6.15144
 314            6.12655
 315            6.10164
 316            6.07671
 317            6.05178
 318            6.02684
 319            6.0019
 320            5.97695
 321            5.952
 322            5.92705
 323            5.9021
 324            5.87715
 325            5.8522
 326            5.82726
 327            5.80233
 328            5.77741
 329            5.7525
 330            5.7276
 331            5.70271
 332            5.67784
 333            5.65298
 334            5.62814
 335            5.60333
 336            5.57853
 337            5.55375
 338            5.529
 339            5.50427
 340            5.47957
 341            5.45489
 342            5.43024
 343            5.40562
 344            5.38104
 345            5.35648
 346            5.33196
 347            5.30747
 348            5.28301
 349            5.2586
 350            5.23422
 351            5.20988
 352            5.18557
 353            5.16131
 354            5.13709
 355            5.11291
 356            5.08878
 357            5.06469
 358            5.04065
 359            5.01665
 360            4.9927
 361            4.96879
 362            4.94494
 363            4.92114
 364            4.89738
 365            4.87368
 366            4.85003
 367            4.82643
 368            4.80289
 369            4.7794
 370            4.75596
 371            4.73258
 372            4.70926
 373            4.68599
 374            4.66279
 375            4.63964
 376            4.61655
 377            4.59352
 378            4.57055
 379            4.54764
 380            4.52479
 381            4.50201
 382            4.47928
 383            4.45662
 384            4.43403
 385            4.4115
 386            4.38903
 387            4.36663
 388            4.34429
 389            4.32202
 390            4.29982
 391            4.27769
 392            4.25562
 393            4.23362
 394            4.21169
 395            4.18982
 396            4.16803
 397            4.14631
 398            4.12465
 399            4.10307
 400            4.08155
 401            4.06011
 402            4.03874
 403            4.01744
 404            3.99621
 405            3.97505
 406            3.95397
 407            3.93296
 408            3.91202
 409            3.89116
 410            3.87037
 411            3.84965
 412            3.829
 413            3.80844
 414            3.78794
 415            3.76752
 416            3.74717
 417            3.7269
 418            3.70671
 419            3.68659
 420            3.66654
 421            3.64657
 422            3.62668
 423            3.60686
 424            3.58712
 425            3.56745
 426            3.54786
 427            3.52835
 428            3.50891
 429            3.48955
 430            3.47027
 431            3.45106
 432            3.43193
 433            3.41288
 434            3.3939
 435            3.375
 436            3.35618
 437            3.33743
 438            3.31877
 439            3.30017
 440            3.28166
 441            3.26322
 442            3.24486
 443            3.22658
 444            3.20838
 445            3.19025
 446            3.1722
 447            3.15422
 448            3.13633
 449            3.11851
 450            3.10076
 451            3.0831
 452            3.06551
 453            3.048
 454            3.03056
 455            3.01321
 456            2.99593
 457            2.97872
 458            2.96159
 459            2.94454
 460            2.92757
 461            2.91067
 462            2.89385
 463            2.87711
 464            2.86044
 465            2.84384
 466            2.82733
 467            2.81089
 468            2.79452
 469            2.77823
 470            2.76202
 471            2.74588
 472            2.72982
 473            2.71383
 474            2.69792
 475            2.68208
 476            2.66632
 477            2.65063
 478            2.63501
 479            2.61948
 480            2.60401
 481            2.58862
 482            2.5733
 483            2.55806
 484            2.54289
 485            2.5278
 486            2.51277
 487            2.49782
 488            2.48295
 489            2.46815
 490            2.45341
 491            2.43876
 492            2.42417
 493            2.40966
 494            2.39522
 495            2.38085
 496            2.36655
 497            2.35232
 498            2.33817
 499            2.32408
 500            2.31007
 501            2.29613
 502            2.28226
 503            2.26845
 504            2.25472
 505            2.24106
 506            2.22747
 507            2.21395
 508            2.20049
 509            2.18711
 510            2.17379
 511            2.16055
 512            2.14737
 513            2.13426
 514            2.12122
 515            2.10824
 516            2.09534
 517            2.0825
 518            2.06973
 519            2.05702
 520            2.04438
 521            2.03181
 522            2.01931
 523            2.00687
 524            1.99449
 525            1.98219
 526            1.96994
 527            1.95777
 528            1.94565
 529            1.93361
 530            1.92162
 531            1.9097
 532            1.89785
 533            1.88606
 534            1.87433
 535            1.86267
 536            1.85107
 537            1.83953
 538            1.82805
 539            1.81664
 540            1.80529
 541            1.794
 542            1.78278
 543            1.77161
 544            1.76051
 545            1.74946
 546            1.73848
 547            1.72756
 548            1.7167
 549            1.70589
 550            1.69515
 551            1.68447
 552            1.67385
 553            1.66328
 554            1.65278
 555            1.64233
 556            1.63194
 557            1.62162
 558            1.61134
 559            1.60113
 560            1.59097
 561            1.58087
 562            1.57083
 563            1.56084
 564            1.55091
 565            1.54104
 566            1.53122
 567            1.52146
 568            1.51176
 569            1.5021
 570            1.49251
 571            1.48297
 572            1.47348
 573            1.46405
 574            1.45467
 575            1.44535
 576            1.43608
 577            1.42686
 578            1.41769
 579            1.40858
 580            1.39952
 581            1.39052
 582            1.38156
 583            1.37266
 584            1.36381
 585            1.35501
 586            1.34626
 587            1.33756
 588            1.32892
 589            1.32032
 590            1.31178
 591            1.30328
 592            1.29483
 593            1.28644
 594            1.27809
 595            1.26979
 596            1.26154
 597            1.25334
 598            1.24519
 599            1.23709
 600            1.22903
 601            1.22102
 602            1.21306
 603            1.20515
 604            1.19728
 605            1.18946
 606            1.18169
 607            1.17396
 608            1.16628
 609            1.15865
 610            1.15106
 611            1.14351
 612            1.13601
 613            1.12856
 614            1.12115
 615            1.11379
 616            1.10647
 617            1.09919
 618            1.09196
 619            1.08477
 620            1.07763
 621            1.07052
 622            1.06346
 623            1.05645
 624            1.04947
 625            1.04254
 626            1.03565
 627            1.02881
 628            1.022
 629            1.01524
 630            1.00851
 631            1.00183
 632            0.995191
 633            0.98859
 634            0.98203
 635            0.97551
 636            0.96903
 637            0.96259
 638            0.95619
 639            0.949828
 640            0.943506
 641            0.937223
 642            0.930979
 643            0.924773
 644            0.918605
 645            0.912476
 646            0.906384
 647            0.90033
 648            0.894314
 649            0.888335
 650            0.882393
 651            0.876488
 652            0.87062
 653            0.864788
 654            0.858992
 655            0.853233
 656            0.847509
 657            0.841822
 658            0.83617
 659            0.830553
 660            0.824971
 661            0.819424
 662            0.813912
 663            0.808435
 664            0.802992
 665            0.797583
 666            0.792208
 667            0.786867
 668            0.78156
 669            0.776286
 670            0.771045
 671            0.765838
 672            0.760663
 673            0.755521
 674            0.750411
 675            0.745334
 676            0.740289
 677            0.735276
 678            0.730295
 679            0.725345
 680            0.720427
 681            0.71554
 682            0.710684
 683            0.705859
 684            0.701065
 685            0.696301
 686            0.691568
 687            0.686865
 688            0.682192
 689            0.677549
 690            0.672936
 691            0.668352
 692            0.663797
 693            0.659272
 694            0.654776
 695            0.650308
 696            0.645869
 697            0.641459
 698            0.637077
 699            0.632724
 700            0.628398
 701            0.6241
 702            0.61983
 703            0.615588
 704            0.611372
 705            0.607185
 706            0.603024
 707            0.59889
 708            0.594783
 709            0.590702
 710            0.586648
 711            0.58262
 712            0.578618
 713            0.574643
 714            0.570693
 715            0.566769
 716            0.56287
 717            0.558997
 718            0.555149
 719            0.551325
 720            0.547527
 721            0.543754
 722            0.540005
 723            0.536281
 724            0.532581
 725            0.528906
 726            0.525254
 727            0.521626
 728            0.518022
 729            0.514442
 730            0.510885
 731            0.507352
 732            0.503841
 733            0.500354
 734            0.49689
 735            0.493448
 736            0.490029
 737            0.486633
 738            0.483259
 739            0.479907
 740            0.476577
 741            0.473269
 742            0.469983
 743            0.466719
 744            0.463476
 745            0.460255
 746            0.457055
 747            0.453877
 748            0.450719
 749            0.447582
 750            0.444466
 751            0.441371
 752            0.438296
 753            0.435242
 754            0.432208
 755            0.429194
 756            0.4262
 757            0.423226
 758            0.420272
 759            0.417338
 760            0.414423
 761            0.411527
 762            0.408651
 763            0.405794
 764            0.402956
 765            0.400137
 766            0.397337
 767            0.394556
 768            0.391793
 769            0.389049
 770            0.386323
 771            0.383615
 772            0.380925
 773            0.378254
 774            0.3756
 775            0.372965
 776            0.370347
 777            0.367746
 778            0.365163
 779            0.362597
 780            0.360049
 781            0.357518
 782            0.355004
 783            0.352506
 784            0.350026
 785            0.347562
 786            0.345115
 787            0.342685
 788            0.340271
 789            0.337873
 790            0.335491
 791            0.333125
 792            0.330776
 793            0.328442
 794            0.326124
 795            0.323822
 796            0.321536
 797            0.319265
 798            0.317009
 799            0.314769
 800            0.312543
 801            0.310333
 802            0.308138
 803            0.305958
 804            0.303793
 805            0.301642
 806            0.299506
 807            0.297385
 808            0.295278
 809            0.293185
 810            0.291107
 811            0.289043
 812            0.286993
 813            0.284957
 814            0.282934
 815            0.280926
 816            0.278931
 817            0.27695
 818            0.274983
 819            0.273029
 820            0.271088
 821            0.26916
 822            0.267246
 823            0.265345
 824            0.263457
 825            0.261582
 826            0.25972
 827            0.25787
 828            0.256033
 829            0.254209
 830            0.252397
 831            0.250598
 832            0.248811
 833            0.247037
 834            0.245274
 835            0.243524
 836            0.241786
 837            0.24006
 838            0.238346
 839            0.236643
 840            0.234952
 841            0.233273
 842            0.231606
 843            0.22995
 844            0.228305
 845            0.226672
 846            0.22505
 847            0.223439
 848            0.22184
 849            0.220251
 850            0.218674
 851            0.217107
 852            0.215551
 853            0.214006
 854            0.212472
 855            0.210948
 856            0.209435
 857            0.207933
 858            0.20644
 859            0.204959
 860            0.203487
 861            0.202026
 862            0.200575
 863            0.199134
 864            0.197703
 865            0.196281
 866            0.19487
 867            0.193469
 868            0.192077
 869            0.190695
 870            0.189323
 871            0.18796
 872            0.186607
 873            0.185263
 874            0.183929
 875            0.182604
 876            0.181288
 877            0.179981
 878            0.178684
 879            0.177395
 880            0.176116
 881            0.174845
 882            0.173583
 883            0.172331
 884            0.171087
 885            0.169851
 886            0.168624
 887            0.167406
 888            0.166197
 889            0.164996
 890            0.163803
 891            0.162619
 892            0.161443
 893            0.160275
 894            0.159115
 895            0.157964
 896            0.156821
 897            0.155685
 898            0.154558
 899            0.153439
 900            0.152327
