 0                0.0
 1                0.000815871
 2                0.00326297
 3                0.00733974
 4                0.0130436
 5                0.020371
 6                0.0293172
 7                0.0398766
 8                0.0520426
 9                0.0658074
 10               0.0811626
 11               0.0980984
 12               0.116604
 13               0.136669
 14               0.158279
 15               0.181422
 16               0.206083
 17               0.232248
 18               0.2599
 19               0.289022
 20               0.319596
 21               0.351605
 22               0.385029
 23               0.419847
 24               0.456039
 25               0.493584
 26               0.53246
 27               0.572643
 28               0.61411
 29               0.656838
 30               0.700802
 31               0.745976
 32               0.792335
 33               0.839854
 34               0.888505
 35               0.938262
 36               0.989097
 37               1.04098
 38               1.09389
 39               1.14779
 40               1.20266
 41               1.25847
 42               1.31518
 43               1.37277
 44               1.43121
 45               1.49047
 46               1.55053
 47               1.61134
 48               1.67288
 49               1.73512
 50               1.79803
 51               1.86159
 52               1.92575
 53               1.9905
 54               2.0558
 55               2.12162
 56               2.18794
 57               2.25472
 58               2.32193
 59               2.38955
 60               2.45755
 61               2.5259
 62               2.59457
 63               2.66354
 64               2.73277
 65               2.80223
 66               2.87191
 67               2.94178
 68               3.0118
 69               3.08196
 70               3.15222
 71               3.22257
 72               3.29297
 73               3.36341
 74               3.43385
 75               3.50429
 76               3.57468
 77               3.64501
 78               3.71526
 79               3.7854
 80               3.85542
 81               3.92528
 82               3.99498
 83               4.0645
 84               4.1338
 85               4.20288
 86               4.2717
 87               4.34027
 88               4.40855
 89               4.47653
 90               4.5442
 91               4.61153
 92               4.67851
 93               4.74512
 94               4.81136
 95               4.87719
 96               4.94262
 97               5.00763
 98               5.0722
 99               5.13631
 100               5.19997
 101               5.26315
 102               5.32584
 103               5.38804
 104               5.44973
 105               5.5109
 106               5.57153
 107               5.63163
 108               5.69118
 109               5.75018
 110               5.80861
 111               5.86646
 112               5.92373
 113               5.98042
 114               6.0365
 115               6.09199
 116               6.14687
 117               6.20113
 118               6.25477
 119               6.30778
 120               6.36016
 121               6.41191
 122               6.46302
 123               6.51348
 124               6.56329
 125               6.61245
 126               6.66096
 127               6.70881
 128               6.756
 129               6.80253
 130               6.84839
 131               6.89358
 132               6.93811
 133               6.98197
 134               7.02515
 135               7.06766
 136               7.10951
 137               7.15067
 138               7.19117
 139               7.23099
 140               7.27013
 141               7.30861
 142               7.34641
 143               7.38354
 144               7.42
 145               7.45579
 146               7.49091
 147               7.52536
 148               7.55915
 149               7.59227
 150               7.62473
 151               7.65654
 152               7.68768
 153               7.71817
 154               7.748
 155               7.77718
 156               7.80572
 157               7.83361
 158               7.86085
 159               7.88746
 160               7.91343
 161               7.93877
 162               7.96348
 163               7.98756
 164               8.01101
 165               8.03385
 166               8.05607
 167               8.07768
 168               8.09868
 169               8.11908
 170               8.13887
 171               8.15807
 172               8.17668
 173               8.1947
 174               8.21213
 175               8.22898
 176               8.24526
 177               8.26097
 178               8.2761
 179               8.29068
 180               8.3047
 181               8.31816
 182               8.33107
 183               8.34344
 184               8.35527
 185               8.36657
 186               8.37733
 187               8.38757
 188               8.39728
 189               8.40648
 190               8.41516
 191               8.42334
 192               8.43102
 193               8.4382
 194               8.44488
 195               8.45108
 196               8.45679
 197               8.46203
 198               8.46679
 199               8.47108
 200               8.47491
 201               8.47828
 202               8.48119
 203               8.48366
 204               8.48568
 205               8.48726
 206               8.4884
 207               8.48911
 208               8.4894
 209               8.48927
 210               8.48872
 211               8.48776
 212               8.48639
 213               8.48462
 214               8.48246
 215               8.4799
 216               8.47695
 217               8.47362
 218               8.46991
 219               8.46583
 220               8.46138
 221               8.45656
 222               8.45139
 223               8.44586
 224               8.43997
 225               8.43374
 226               8.42717
 227               8.42026
 228               8.41302
 229               8.40545
 230               8.39756
 231               8.38934
 232               8.38081
 233               8.37197
 234               8.36282
 235               8.35337
 236               8.34362
 237               8.33358
 238               8.32324
 239               8.31262
 240               8.30172
 241               8.29054
 242               8.27909
 243               8.26737
 244               8.25538
 245               8.24313
 246               8.23063
 247               8.21787
 248               8.20486
 249               8.1916
 250               8.1781
 251               8.16437
 252               8.1504
 253               8.1362
 254               8.12177
 255               8.10712
 256               8.09225
 257               8.07716
 258               8.06187
 259               8.04636
 260               8.03065
 261               8.01473
 262               7.99862
 263               7.98232
 264               7.96582
 265               7.94913
 266               7.93226
 267               7.91521
 268               7.89798
 269               7.88058
 270               7.863
 271               7.84526
 272               7.82735
 273               7.80928
 274               7.79105
 275               7.77266
 276               7.75412
 277               7.73544
 278               7.7166
 279               7.69763
 280               7.67851
 281               7.65925
 282               7.63986
 283               7.62034
 284               7.60069
 285               7.58091
 286               7.56101
 287               7.54098
 288               7.52084
 289               7.50059
 290               7.48022
 291               7.45974
 292               7.43915
 293               7.41846
 294               7.39766
 295               7.37677
 296               7.35578
 297               7.33469
 298               7.31351
 299               7.29224
 300               7.27088
 301               7.24944
 302               7.22791
 303               7.2063
 304               7.18462
 305               7.16286
 306               7.14102
 307               7.11911
 308               7.09713
 309               7.07509
 310               7.05298
 311               7.0308
 312               7.00857
 313               6.98627
 314               6.96392
 315               6.94152
 316               6.91906
 317               6.89654
 318               6.87398
 319               6.85138
 320               6.82872
 321               6.80603
 322               6.78329
 323               6.76051
 324               6.73769
 325               6.71484
 326               6.69195
 327               6.66903
 328               6.64607
 329               6.62309
 330               6.60008
 331               6.57704
 332               6.55398
 333               6.5309
 334               6.50779
 335               6.48467
 336               6.46152
 337               6.43836
 338               6.41519
 339               6.392
 340               6.36879
 341               6.34558
 342               6.32236
 343               6.29913
 344               6.27589
 345               6.25264
 346               6.2294
 347               6.20614
 348               6.18289
 349               6.15964
 350               6.13639
 351               6.11314
 352               6.08989
 353               6.06665
 354               6.04342
 355               6.02019
 356               5.99697
 357               5.97376
 358               5.95056
 359               5.92738
 360               5.9042
 361               5.88104
 362               5.8579
 363               5.83477
 364               5.81165
 365               5.78856
 366               5.76548
 367               5.74243
 368               5.71939
 369               5.69638
 370               5.67339
 371               5.65043
 372               5.62749
 373               5.60457
 374               5.58168
 375               5.55882
 376               5.53599
 377               5.51318
 378               5.49041
 379               5.46767
 380               5.44496
 381               5.42228
 382               5.39963
 383               5.37702
 384               5.35444
 385               5.3319
 386               5.30939
 387               5.28693
 388               5.26449
 389               5.2421
 390               5.21975
 391               5.19743
 392               5.17516
 393               5.15293
 394               5.13073
 395               5.10858
 396               5.08648
 397               5.06441
 398               5.04239
 399               5.02042
 400               4.99849
 401               4.97661
 402               4.95477
 403               4.93298
 404               4.91123
 405               4.88953
 406               4.86789
 407               4.84629
 408               4.82474
 409               4.80324
 410               4.78179
 411               4.76039
 412               4.73904
 413               4.71774
 414               4.69649
 415               4.6753
 416               4.65416
 417               4.63307
 418               4.61204
 419               4.59106
 420               4.57013
 421               4.54926
 422               4.52845
 423               4.50769
 424               4.48698
 425               4.46633
 426               4.44574
 427               4.42521
 428               4.40473
 429               4.3843
 430               4.36394
 431               4.34363
 432               4.32339
 433               4.3032
 434               4.28307
 435               4.26299
 436               4.24298
 437               4.22303
 438               4.20314
 439               4.1833
 440               4.16353
 441               4.14381
 442               4.12416
 443               4.10457
 444               4.08504
 445               4.06557
 446               4.04616
 447               4.02681
 448               4.00753
 449               3.9883
 450               3.96914
 451               3.95004
 452               3.931
 453               3.91203
 454               3.89312
 455               3.87427
 456               3.85548
 457               3.83676
 458               3.8181
 459               3.7995
 460               3.78097
 461               3.76249
 462               3.74409
 463               3.72574
 464               3.70746
 465               3.68925
 466               3.67109
 467               3.653
 468               3.63498
 469               3.61702
 470               3.59912
 471               3.58129
 472               3.56352
 473               3.54582
 474               3.52818
 475               3.5106
 476               3.49309
 477               3.47564
 478               3.45826
 479               3.44094
 480               3.42369
 481               3.4065
 482               3.38937
 483               3.37231
 484               3.35532
 485               3.33839
 486               3.32152
 487               3.30472
 488               3.28798
 489               3.2713
 490               3.25469
 491               3.23815
 492               3.22167
 493               3.20525
 494               3.1889
 495               3.17261
 496               3.15639
 497               3.14023
 498               3.12413
 499               3.1081
 500               3.09213
 501               3.07623
 502               3.06039
 503               3.04461
 504               3.0289
 505               3.01325
 506               2.99767
 507               2.98214
 508               2.96669
 509               2.95129
 510               2.93596
 511               2.92069
 512               2.90549
 513               2.89035
 514               2.87527
 515               2.86025
 516               2.8453
 517               2.83041
 518               2.81558
 519               2.80082
 520               2.78611
 521               2.77147
 522               2.75689
 523               2.74238
 524               2.72793
 525               2.71353
 526               2.6992
 527               2.68493
 528               2.67073
 529               2.65658
 530               2.6425
 531               2.62847
 532               2.61451
 533               2.60061
 534               2.58677
 535               2.57299
 536               2.55927
 537               2.54562
 538               2.53202
 539               2.51848
 540               2.505
 541               2.49158
 542               2.47823
 543               2.46493
 544               2.45169
 545               2.43851
 546               2.42539
 547               2.41233
 548               2.39933
 549               2.38638
 550               2.3735
 551               2.36067
 552               2.3479
 553               2.33519
 554               2.32254
 555               2.30995
 556               2.29741
 557               2.28493
 558               2.27251
 559               2.26015
 560               2.24784
 561               2.23559
 562               2.2234
 563               2.21126
 564               2.19918
 565               2.18716
 566               2.17519
 567               2.16328
 568               2.15143
 569               2.13963
 570               2.12788
 571               2.11619
 572               2.10456
 573               2.09298
 574               2.08146
 575               2.06999
 576               2.05857
 577               2.04721
 578               2.03591
 579               2.02465
 580               2.01345
 581               2.00231
 582               1.99122
 583               1.98018
 584               1.9692
 585               1.95826
 586               1.94738
 587               1.93656
 588               1.92578
 589               1.91506
 590               1.90439
 591               1.89377
 592               1.88321
 593               1.87269
 594               1.86223
 595               1.85182
 596               1.84146
 597               1.83115
 598               1.82089
 599               1.81068
 600               1.80052
 601               1.79041
 602               1.78036
 603               1.77035
 604               1.76039
 605               1.75048
 606               1.74062
 607               1.73081
 608               1.72104
 609               1.71133
 610               1.70167
 611               1.69205
 612               1.68248
 613               1.67296
 614               1.66349
 615               1.65406
 616               1.64468
 617               1.63535
 618               1.62607
 619               1.61684
 620               1.60765
 621               1.5985
 622               1.58941
 623               1.58036
 624               1.57135
 625               1.56239
 626               1.55348
 627               1.54461
 628               1.53579
 629               1.52701
 630               1.51828
 631               1.5096
 632               1.50095
 633               1.49236
 634               1.4838
 635               1.47529
 636               1.46683
 637               1.4584
 638               1.45003
 639               1.44169
 640               1.4334
 641               1.42515
 642               1.41694
 643               1.40878
 644               1.40066
 645               1.39258
 646               1.38454
 647               1.37655
 648               1.36859
 649               1.36068
 650               1.35281
 651               1.34498
 652               1.3372
 653               1.32945
 654               1.32174
 655               1.31408
 656               1.30645
 657               1.29887
 658               1.29132
 659               1.28382
 660               1.27635
 661               1.26893
 662               1.26154
 663               1.2542
 664               1.24689
 665               1.23962
 666               1.23239
 667               1.2252
 668               1.21804
 669               1.21093
 670               1.20385
 671               1.19681
 672               1.18981
 673               1.18284
 674               1.17591
 675               1.16902
 676               1.16217
 677               1.15535
 678               1.14857
 679               1.14183
 680               1.13512
 681               1.12845
 682               1.12182
 683               1.11522
 684               1.10866
 685               1.10213
 686               1.09564
 687               1.08918
 688               1.08276
 689               1.07637
 690               1.07002
 691               1.0637
 692               1.05742
 693               1.05117
 694               1.04495
 695               1.03877
 696               1.03262
 697               1.02651
 698               1.02043
 699               1.01438
 700               1.00837
 701               1.00239
 702               0.996437
 703               0.990522
 704               0.984639
 705               0.978788
 706               0.972969
 707               0.967183
 708               0.961428
 709               0.955705
 710               0.950014
 711               0.944354
 712               0.938725
 713               0.933128
 714               0.927562
 715               0.922026
 716               0.916521
 717               0.911047
 718               0.905603
 719               0.900189
 720               0.894806
 721               0.889452
 722               0.884128
 723               0.878834
 724               0.87357
 725               0.868335
 726               0.863129
 727               0.857952
 728               0.852804
 729               0.847685
 730               0.842595
 731               0.837533
 732               0.832499
 733               0.827494
 734               0.822517
 735               0.817568
 736               0.812647
 737               0.807753
 738               0.802887
 739               0.798049
 740               0.793237
 741               0.788453
 742               0.783696
 743               0.778966
 744               0.774262
 745               0.769585
 746               0.764935
 747               0.760311
 748               0.755713
 749               0.751141
 750               0.746595
 751               0.742075
 752               0.737581
 753               0.733112
 754               0.728668
 755               0.72425
 756               0.719857
 757               0.71549
 758               0.711147
 759               0.706828
 760               0.702535
 761               0.698266
 762               0.694021
 763               0.689801
 764               0.685605
 765               0.681433
 766               0.677285
 767               0.67316
 768               0.669059
 769               0.664982
 770               0.660928
 771               0.656898
 772               0.652891
 773               0.648906
 774               0.644945
 775               0.641006
 776               0.637091
 777               0.633197
 778               0.629327
 779               0.625478
 780               0.621652
 781               0.617848
 782               0.614066
 783               0.610306
 784               0.606567
 785               0.602851
 786               0.599155
 787               0.595482
 788               0.591829
 789               0.588198
 790               0.584588
 791               0.580998
 792               0.57743
 793               0.573882
 794               0.570356
 795               0.566849
 796               0.563363
 797               0.559897
 798               0.556452
 799               0.553027
 800               0.549621
 801               0.546236
 802               0.54287
 803               0.539524
 804               0.536198
 805               0.532891
 806               0.529603
 807               0.526335
 808               0.523086
 809               0.519856
 810               0.516645
 811               0.513452
 812               0.510279
 813               0.507124
 814               0.503987
 815               0.500869
 816               0.49777
 817               0.494689
 818               0.491625
 819               0.48858
 820               0.485553
 821               0.482544
 822               0.479552
 823               0.476578
 824               0.473622
 825               0.470683
 826               0.467762
 827               0.464857
 828               0.46197
 829               0.4591
 830               0.456248
 831               0.453412
 832               0.450592
 833               0.44779
 834               0.445004
 835               0.442235
 836               0.439482
 837               0.436745
 838               0.434025
 839               0.431321
 840               0.428633
 841               0.425961
 842               0.423305
 843               0.420664
 844               0.41804
 845               0.415431
 846               0.412838
 847               0.41026
 848               0.407697
 849               0.40515
 850               0.402618
 851               0.400101
 852               0.3976
 853               0.395113
 854               0.392641
 855               0.390184
 856               0.387742
 857               0.385314
 858               0.382901
 859               0.380502
 860               0.378117
 861               0.375747
 862               0.373392
 863               0.37105
 864               0.368722
 865               0.366409
 866               0.364109
 867               0.361823
 868               0.359551
 869               0.357293
 870               0.355048
 871               0.352817
 872               0.350599
 873               0.348395
 874               0.346203
 875               0.344025
 876               0.341861
 877               0.339709
 878               0.33757
 879               0.335445
 880               0.333332
 881               0.331231
 882               0.329144
 883               0.327069
 884               0.325007
 885               0.322957
 886               0.32092
 887               0.318895
 888               0.316882
 889               0.314882
 890               0.312894
 891               0.310917
 892               0.308953
 893               0.307001
 894               0.30506
 895               0.303132
 896               0.301215
 897               0.29931
 898               0.297416
 899               0.295534
 900               0.293663
