 0.5      0         
 1.5      0         
 2.5      0         
 3.5      0.132474         
 4.5      0.132474         
 5.5      0         
 6.5      0.132474         
 7.5      0.132474         
 8.5      0         
 9.5      0.132474         
 10.5     0.132474         
 11.5     0.662369         
 12.5     0.264947         
 13.5     0.132474         
 14.5     0.529895         
 15.5     0.132474         
 16.5     0.132474         
 17.5     0.662369         
 18.5     0.132474         
 19.5     0.264947         
 20.5     0         
 21.5     0.662369         
 22.5     0.132474         
 23.5     0.794842         
 24.5     0.794842         
 25.5     0.397421         
 26.5     0.264947         
 27.5     0.927316         
 28.5     0.662369         
 29.5     1.58968         
 30.5     1.19226         
 31.5     0.529895         
 32.5     1.19226         
 33.5     0.927316         
 34.5     0.397421         
 35.5     0.662369         
 36.5     1.05979         
 37.5     1.45721         
 38.5     0.794842         
 39.5     0.397421         
 40.5     1.58968         
 41.5     1.32474         
 42.5     1.32474         
 43.5     1.19226         
 44.5     1.72216         
 45.5     1.32474         
 46.5     0.927316         
 47.5     1.85463         
 48.5     1.32474         
 49.5     1.58968         
 50.5     1.85463         
 51.5     1.72216         
 52.5     1.32474         
 53.5     2.25205         
 54.5     1.19226         
 55.5     1.45721         
 56.5     1.85463         
 57.5     2.38453         
 58.5     3.17937         
 59.5     2.64947         
 60.5     1.19226         
 61.5     3.84174         
 62.5     3.17937         
 63.5     2.38453         
 64.5     2.11958         
 65.5     2.64947         
 66.5     3.31184         
 67.5     3.97421         
 68.5     2.91442         
 69.5     2.38453         
 70.5     2.517         
 71.5     3.84174         
 72.5     3.70926         
 73.5     3.0469         
 74.5     3.97421         
 75.5     3.84174         
 76.5     3.57679         
 77.5     3.31184         
 78.5     3.31184         
 79.5     3.0469         
 80.5     3.57679         
 81.5     3.57679         
 82.5     2.64947         
 83.5     4.37163         
 84.5     3.31184         
 85.5     3.84174         
 86.5     3.44432         
 87.5     4.10669         
 88.5     6.62369         
 89.5     3.97421         
 90.5     4.50411         
 91.5     6.09379         
 92.5     5.16648         
 93.5     3.70926         
 94.5     4.10669         
 95.5     4.90153         
 96.5     2.64947         
 97.5     5.82884         
 98.5     5.034         
 99.5     4.90153         
 100.5     5.16648         
 101.5     5.43142         
 102.5     5.16648         
 103.5     4.23916         
 104.5     3.97421         
 105.5     6.35874         
 106.5     5.82884         
 107.5     6.22626         
 108.5     5.034         
 109.5     6.75616         
 110.5     5.29895         
 111.5     7.02111         
 112.5     5.29895         
 113.5     7.41853         
 114.5     5.82884         
 115.5     6.75616         
 116.5     8.0809         
 117.5     5.69637         
 118.5     7.68348         
 119.5     6.35874         
 120.5     7.28606         
 121.5     9.14069         
 122.5     7.02111         
 123.5     7.68348         
 124.5     7.15358         
 125.5     6.49121         
 126.5     5.5639         
 127.5     6.22626         
 128.5     8.21337         
 129.5     8.87574         
 130.5     7.81595         
 131.5     6.49121         
 132.5     9.00821         
 133.5     8.61079         
 134.5     7.551         
 135.5     6.62369         
 136.5     6.35874         
 137.5     6.75616         
 138.5     8.47832         
 139.5     10.5979         
 140.5     5.5639         
 141.5     9.14069         
 142.5     7.81595         
 143.5     8.47832         
 144.5     10.8628         
 145.5     8.87574         
 146.5     9.14069         
 147.5     9.27316         
 148.5     7.68348         
 149.5     7.28606         
 150.5     9.27316         
 151.5     9.53811         
 152.5     10.068         
 153.5     10.8628         
 154.5     7.15358         
 155.5     8.74327         
 156.5     8.21337         
 157.5     9.14069         
 158.5     8.61079         
 159.5     9.53811         
 160.5     10.068         
 161.5     6.88863         
 162.5     8.47832         
 163.5     10.7304         
 164.5     10.068         
 165.5     8.21337         
 166.5     9.53811         
 167.5     10.2005         
 168.5     9.00821         
 169.5     8.34585         
 170.5     8.47832         
 171.5     8.87574         
 172.5     9.00821         
 173.5     8.61079         
 174.5     10.8628         
 175.5     8.61079         
 176.5     8.61079         
 177.5     9.00821         
 178.5     10.2005         
 179.5     9.40563         
 180.5     8.34585         
 181.5     9.93553         
 182.5     9.00821         
 183.5     8.34585         
 184.5     9.67058         
 185.5     9.80306         
 186.5     9.14069         
 187.5     9.00821         
 188.5     9.40563         
 189.5     8.47832         
 190.5     7.68348         
 191.5     10.333         
 192.5     9.67058         
 193.5     8.87574         
 194.5     8.74327         
 195.5     10.8628         
 196.5     9.00821         
 197.5     7.41853         
 198.5     7.28606         
 199.5     8.0809         
 200.5     10.8628         
 201.5     7.94842         
 202.5     7.02111         
 203.5     7.94842         
 204.5     9.14069         
 205.5     7.41853         
 206.5     6.09379         
 207.5     7.15358         
 208.5     8.61079         
 209.5     6.22626         
 210.5     7.94842         
 211.5     7.81595         
 212.5     8.21337         
 213.5     7.94842         
 214.5     8.74327         
 215.5     6.75616         
 216.5     7.28606         
 217.5     8.21337         
 218.5     7.15358         
 219.5     8.21337         
 220.5     7.81595         
 221.5     8.34585         
 222.5     8.61079         
 223.5     7.94842         
 224.5     9.27316         
 225.5     7.94842         
 226.5     5.96132         
 227.5     7.551         
 228.5     7.02111         
 229.5     6.49121         
 230.5     9.27316         
 231.5     6.88863         
 232.5     6.75616         
 233.5     9.27316         
 234.5     8.74327         
 235.5     9.00821         
 236.5     6.49121         
 237.5     7.41853         
 238.5     7.28606         
 239.5     7.41853         
 240.5     9.67058         
 241.5     7.81595         
 242.5     6.75616         
 243.5     8.21337         
 244.5     7.41853         
 245.5     5.5639         
 246.5     5.82884         
 247.5     8.74327         
 248.5     7.41853         
 249.5     6.62369         
 250.5     6.35874         
 251.5     7.81595         
 252.5     6.75616         
 253.5     6.88863         
 254.5     7.15358         
 255.5     8.0809         
 256.5     6.35874         
 257.5     6.88863         
 258.5     7.15358         
 259.5     7.28606         
 260.5     8.21337         
 261.5     6.22626         
 262.5     6.49121         
 263.5     7.551         
 264.5     6.22626         
 265.5     7.02111         
 266.5     7.15358         
 267.5     5.16648         
 268.5     7.15358         
 269.5     8.0809         
 270.5     5.82884         
 271.5     7.81595         
 272.5     8.34585         
 273.5     6.88863         
 274.5     7.81595         
 275.5     7.81595         
 276.5     6.62369         
 277.5     7.02111         
 278.5     7.41853         
 279.5     5.43142         
 280.5     5.96132         
 281.5     6.35874         
 282.5     6.62369         
 283.5     6.75616         
 284.5     7.68348         
 285.5     7.68348         
 286.5     8.74327         
 287.5     7.28606         
 288.5     6.09379         
 289.5     6.62369         
 290.5     7.41853         
 291.5     3.70926         
 292.5     6.88863         
 293.5     7.94842         
 294.5     4.90153         
 295.5     6.88863         
 296.5     7.551         
 297.5     6.35874         
 298.5     7.81595         
 299.5     7.15358         
 300.5     5.43142         
 301.5     8.21337         
 302.5     6.22626         
 303.5     5.96132         
 304.5     4.90153         
 305.5     6.62369         
 306.5     4.23916         
 307.5     4.90153         
 308.5     5.5639         
 309.5     8.21337         
 310.5     6.22626         
 311.5     6.75616         
 312.5     5.96132         
 313.5     5.5639         
 314.5     7.41853         
 315.5     6.09379         
 316.5     5.5639         
 317.5     5.96132         
 318.5     8.0809         
 319.5     6.62369         
 320.5     5.69637         
 321.5     4.76905         
 322.5     5.034         
 323.5     5.5639         
 324.5     6.22626         
 325.5     6.49121         
 326.5     5.82884         
 327.5     5.82884         
 328.5     7.68348         
 329.5     6.49121         
 330.5     4.76905         
 331.5     6.75616         
 332.5     7.41853         
 333.5     5.43142         
 334.5     5.16648         
 335.5     6.62369         
 336.5     5.5639         
 337.5     3.97421         
 338.5     3.70926         
 339.5     3.44432         
 340.5     5.69637         
 341.5     5.82884         
 342.5     5.43142         
 343.5     5.29895         
 344.5     5.82884         
 345.5     5.16648         
 346.5     5.82884         
 347.5     5.034         
 348.5     4.50411         
 349.5     7.02111         
 350.5     4.90153         
 351.5     6.09379         
 352.5     4.76905         
 353.5     5.96132         
 354.5     4.50411         
 355.5     4.10669         
 356.5     5.43142         
 357.5     6.62369         
 358.5     4.50411         
 359.5     5.82884         
 360.5     5.29895         
 361.5     6.22626         
 362.5     4.90153         
 363.5     5.29895         
 364.5     3.44432         
 365.5     5.82884         
 366.5     5.29895         
 367.5     5.29895         
 368.5     4.37163         
 369.5     6.62369         
 370.5     4.37163         
 371.5     5.16648         
 372.5     5.16648         
 373.5     4.63658         
 374.5     4.76905         
 375.5     3.97421         
 376.5     5.16648         
 377.5     5.29895         
 378.5     5.16648         
 379.5     3.97421         
 380.5     4.76905         
 381.5     3.57679         
 382.5     4.76905         
 383.5     4.23916         
 384.5     4.50411         
 385.5     5.96132         
 386.5     4.37163         
 387.5     5.034         
 388.5     4.37163         
 389.5     4.50411         
 390.5     4.90153         
 391.5     4.37163         
 392.5     5.29895         
 393.5     3.44432         
 394.5     4.63658         
 395.5     4.37163         
 396.5     4.37163         
 397.5     3.31184         
 398.5     3.57679         
 399.5     3.84174         
 400.5     3.70926         
 401.5     3.84174         
 402.5     3.0469         
 403.5     4.63658         
 404.5     3.31184         
 405.5     3.57679         
 406.5     4.37163         
 407.5     4.10669         
 408.5     5.5639         
 409.5     4.23916         
 410.5     5.69637         
 411.5     3.84174         
 412.5     4.76905         
 413.5     4.10669         
 414.5     4.76905         
 415.5     3.57679         
 416.5     5.5639         
 417.5     3.84174         
 418.5     2.517         
 419.5     4.50411         
 420.5     4.63658         
 421.5     4.10669         
 422.5     3.57679         
 423.5     4.63658         
 424.5     4.90153         
 425.5     3.84174         
 426.5     4.76905         
 427.5     4.37163         
 428.5     4.63658         
 429.5     4.23916         
 430.5     3.84174         
 431.5     3.17937         
 432.5     4.10669         
 433.5     4.50411         
 434.5     3.17937         
 435.5     3.31184         
 436.5     2.64947         
 437.5     3.57679         
 438.5     4.76905         
 439.5     3.17937         
 440.5     3.44432         
 441.5     3.57679         
 442.5     4.10669         
 443.5     3.70926         
 444.5     2.38453         
 445.5     3.17937         
 446.5     4.37163         
 447.5     2.78195         
 448.5     3.84174         
 449.5     3.0469         
 450.5     3.31184         
 451.5     4.23916         
 452.5     4.10669         
 453.5     3.17937         
 454.5     3.31184         
 455.5     4.50411         
 456.5     3.44432         
 457.5     3.70926         
 458.5     3.57679         
 459.5     2.78195         
 460.5     3.44432         
 461.5     3.57679         
 462.5     2.64947         
 463.5     3.31184         
 464.5     4.10669         
 465.5     3.0469         
 466.5     3.44432         
 467.5     2.25205         
 468.5     2.517         
 469.5     3.97421         
 470.5     1.58968         
 471.5     3.97421         
 472.5     4.37163         
 473.5     3.0469         
 474.5     2.91442         
 475.5     2.25205         
 476.5     3.17937         
 477.5     2.64947         
 478.5     2.25205         
 479.5     3.57679         
 480.5     1.98711         
 481.5     2.517         
 482.5     2.91442         
 483.5     3.70926         
 484.5     3.31184         
 485.5     3.44432         
 486.5     3.97421         
 487.5     2.25205         
 488.5     3.17937         
 489.5     2.517         
 490.5     2.38453         
 491.5     3.0469         
 492.5     2.25205         
 493.5     1.98711         
 494.5     2.38453         
 495.5     2.91442         
 496.5     1.85463         
 497.5     3.0469         
 498.5     2.38453         
 499.5     4.10669         
 500.5     3.0469         
 501.5     2.64947         
 502.5     2.517         
 503.5     3.70926         
 504.5     2.91442         
 505.5     3.84174         
 506.5     2.64947         
 507.5     2.91442         
 508.5     2.25205         
 509.5     2.78195         
 510.5     2.25205         
 511.5     2.25205         
 512.5     2.78195         
 513.5     2.78195         
 514.5     2.25205         
 515.5     1.98711         
 516.5     1.58968         
 517.5     1.98711         
 518.5     3.31184         
 519.5     1.85463         
 520.5     1.72216         
 521.5     1.05979         
 522.5     2.64947         
 523.5     2.25205         
 524.5     2.517         
 525.5     2.517         
 526.5     1.85463         
 527.5     3.17937         
 528.5     1.58968         
 529.5     2.11958         
 530.5     1.98711         
 531.5     1.72216         
 532.5     1.98711         
 533.5     1.32474         
 534.5     2.11958         
 535.5     2.25205         
 536.5     2.25205         
 537.5     1.32474         
 538.5     2.11958         
 539.5     1.85463         
 540.5     1.72216         
 541.5     1.98711         
 542.5     1.45721         
 543.5     1.72216         
 544.5     2.11958         
 545.5     2.25205         
 546.5     1.32474         
 547.5     2.11958         
 548.5     1.98711         
 549.5     3.0469         
 550.5     2.38453         
 551.5     1.98711         
 552.5     2.38453         
 553.5     0.529895         
 554.5     1.45721         
 555.5     1.72216         
 556.5     1.58968         
 557.5     2.11958         
 558.5     1.32474         
 559.5     1.72216         
 560.5     1.72216         
 561.5     1.45721         
 562.5     2.25205         
 563.5     1.32474         
 564.5     2.25205         
 565.5     1.19226         
 566.5     1.85463         
 567.5     1.32474         
 568.5     1.58968         
 569.5     2.25205         
 570.5     1.32474         
 571.5     1.58968         
 572.5     1.72216         
 573.5     1.45721         
 574.5     1.98711         
 575.5     1.45721         
 576.5     2.25205         
 577.5     1.58968         
 578.5     1.58968         
 579.5     1.58968         
 580.5     2.11958         
 581.5     1.85463         
 582.5     1.58968         
 583.5     2.25205         
 584.5     1.85463         
 585.5     1.19226         
 586.5     1.72216         
 587.5     1.45721         
 588.5     1.85463         
 589.5     1.72216         
 590.5     1.19226         
 591.5     0.927316         
 592.5     1.85463         
 593.5     1.72216         
 594.5     1.32474         
 595.5     1.45721         
 596.5     0.927316         
 597.5     1.19226         
 598.5     1.32474         
 599.5     2.25205         
 600.5     1.05979         
 601.5     1.19226         
 602.5     1.32474         
 603.5     1.32474         
 604.5     0.927316         
 605.5     2.11958         
 606.5     0.927316         
 607.5     1.98711         
 608.5     1.72216         
 609.5     1.05979         
 610.5     1.05979         
 611.5     1.72216         
 612.5     1.72216         
 613.5     1.58968         
 614.5     0.397421         
 615.5     1.32474         
 616.5     1.45721         
 617.5     2.517         
 618.5     1.05979         
 619.5     1.85463         
 620.5     0.662369         
 621.5     0.927316         
 622.5     1.19226         
 623.5     1.19226         
 624.5     1.05979         
 625.5     0.794842         
 626.5     0.794842         
 627.5     1.85463         
 628.5     1.05979         
 629.5     1.05979         
 630.5     0.927316         
 631.5     1.05979         
 632.5     2.38453         
 633.5     1.45721         
 634.5     1.72216         
 635.5     1.05979         
 636.5     0.927316         
 637.5     1.19226         
 638.5     1.19226         
 639.5     1.05979         
 640.5     0.662369         
 641.5     1.19226         
 642.5     0.927316         
 643.5     0.794842         
 644.5     1.85463         
 645.5     1.32474         
 646.5     0.529895         
 647.5     1.45721         
 648.5     1.58968         
 649.5     0.662369         
 650.5     0.927316         
 651.5     1.05979         
 652.5     0.927316         
 653.5     1.05979         
 654.5     1.05979         
 655.5     0.662369         
 656.5     0.794842         
 657.5     1.05979         
 658.5     1.19226         
 659.5     0.794842         
 660.5     0.794842         
 661.5     1.32474         
 662.5     0.529895         
 663.5     1.58968         
 664.5     1.32474         
 665.5     0.397421         
 666.5     1.05979         
 667.5     0.794842         
 668.5     0.794842         
 669.5     0.662369         
 670.5     1.19226         
 671.5     1.45721         
 672.5     1.19226         
 673.5     1.45721         
 674.5     0.662369         
 675.5     0.794842         
 676.5     0.264947         
 677.5     0.794842         
 678.5     1.45721         
 679.5     1.05979         
 680.5     0.927316         
 681.5     1.19226         
 682.5     0.529895         
 683.5     0.794842         
 684.5     0.927316         
 685.5     0.662369         
 686.5     0.397421         
 687.5     0.529895         
 688.5     0.794842         
 689.5     0.397421         
 690.5     0.397421         
 691.5     0.132474         
 692.5     0.927316         
 693.5     0.662369         
 694.5     0.397421         
 695.5     0.529895         
 696.5     0.529895         
 697.5     0.794842         
 698.5     0.529895         
 699.5     0.397421         
 700.5     0.529895         
 701.5     0.529895         
 702.5     1.05979         
 703.5     0.529895         
 704.5     0.529895         
 705.5     0.529895         
 706.5     0.794842         
 707.5     0.397421         
 708.5     0.397421         
 709.5     0.529895         
 710.5     0.794842         
 711.5     1.05979         
 712.5     0.662369         
 713.5     0.132474         
 714.5     0.794842         
 715.5     0.794842         
 716.5     0.794842         
 717.5     0.927316         
 718.5     1.32474         
 719.5     0.397421         
 720.5     0.397421         
 721.5     0.264947         
 722.5     0.662369         
 723.5     0.529895         
 724.5     0.529895         
 725.5     0.264947         
 726.5     0.397421         
 727.5     0.529895         
 728.5     0.794842         
 729.5     0.529895         
 730.5     1.05979         
 731.5     0.794842         
 732.5     0.662369         
 733.5     0.132474         
 734.5     0.927316         
 735.5     0.662369         
 736.5     0.529895         
 737.5     0.397421         
 738.5     0.397421         
 739.5     0.529895         
 740.5     1.05979         
 741.5     0.927316         
 742.5     0.397421         
 743.5     1.05979         
 744.5     0.662369         
 745.5     0.397421         
 746.5     0.264947         
 747.5     1.19226         
 748.5     0.662369         
 749.5     0.132474         
 750.5     0.794842         
 751.5     0.264947         
 752.5     0.132474         
 753.5     0.397421         
 754.5     0.529895         
 755.5     0.264947         
 756.5     0.132474         
 757.5     0.264947         
 758.5     0.529895         
 759.5     0.264947         
 760.5     0.794842         
 761.5     0.397421         
 762.5     0.397421         
 763.5     0         
 764.5     0.794842         
 765.5     0.927316         
 766.5     0.927316         
 767.5     0.132474         
 768.5     0.132474         
 769.5     0.927316         
 770.5     0         
 771.5     0.132474         
 772.5     0.132474         
 773.5     0.662369         
 774.5     0.132474         
 775.5     0.529895         
 776.5     0.264947         
 777.5     0.132474         
 778.5     0.529895         
 779.5     0         
 780.5     0.264947         
 781.5     0         
 782.5     0.264947         
 783.5     0.264947         
 784.5     0.397421         
 785.5     0.662369         
 786.5     0.794842         
 787.5     0.132474         
 788.5     0         
 789.5     0.794842         
 790.5     0.529895         
 791.5     0.132474         
 792.5     0.397421         
 793.5     0.132474         
 794.5     0.264947         
 795.5     0.927316         
 796.5     0.397421         
 797.5     0.132474         
 798.5     0.397421         
 799.5     1.05979         
 800.5     0.397421         
 801.5     0.264947         
 802.5     0.397421         
 803.5     0.264947         
 804.5     0.264947         
 805.5     0.264947         
 806.5     0.132474         
 807.5     0.132474         
 808.5     0.264947         
 809.5     0         
 810.5     0.264947         
 811.5     0.264947         
 812.5     0.264947         
 813.5     0.264947         
 814.5     0.132474         
 815.5     0.264947         
 816.5     0.264947         
 817.5     0.132474         
 818.5     0.397421         
 819.5     0.264947         
 820.5     0.132474         
 821.5     0.397421         
 822.5     0.397421         
 823.5     0.397421         
 824.5     0.132474         
 825.5     0.132474         
 826.5     0.397421         
 827.5     0.264947         
 828.5     0.132474         
 829.5     0.264947         
 830.5     0.264947         
 831.5     0.397421         
 832.5     0.397421         
 833.5     0.132474         
 834.5     0.264947         
 835.5     0.397421         
 836.5     0.264947         
 837.5     0.132474         
 838.5     0         
 839.5     0.264947         
 840.5     0.397421         
 841.5     0.132474         
 842.5     0.264947         
 843.5     0.264947         
 844.5     0.132474         
 845.5     0.264947         
 846.5     0.132474         
 847.5     0.132474         
 848.5     0.132474         
 849.5     0.132474         
 850.5     0         
 851.5     0.132474         
 852.5     0         
 853.5     0.132474         
 854.5     0         
 855.5     0.132474         
 856.5     0.264947         
 857.5     0.132474         
 858.5     0.264947         
 859.5     0.132474         
 860.5     0.132474         
 861.5     0.132474         
 862.5     0         
 863.5     0         
 864.5     0         
 865.5     0.397421         
 866.5     0.132474         
 867.5     0         
 868.5     0.132474         
 869.5     0.132474         
 870.5     0.264947         
 871.5     0.132474         
 872.5     0.397421         
 873.5     0         
 874.5     0         
 875.5     0.132474         
 876.5     0.132474         
 877.5     0.397421         
 878.5     0.132474         
 879.5     0.132474         
 880.5     0.264947         
 881.5     0.264947         
 882.5     0         
 883.5     0.264947         
 884.5     0         
 885.5     0.132474         
 886.5     0         
 887.5     0.132474         
 888.5     0.132474         
 889.5     0         
 890.5     0.132474         
 891.5     0         
 892.5     0         
 893.5     0         
 894.5     0         
 895.5     0         
 896.5     0         
 897.5     0.132474         
 898.5     0         
 899.5     0         
 900.5     0         
