 5          0.000046703
 15         0.000887353
 25         0.0213432
 35         0.00471698
 45         0.00728563
 55         0.00882683
 65         0.0112554
 75         0.013824
 85         0.0178405
 95         0.0212031
 105        0.0226508
 115        0.0283953
 125        0.0279283
 135        0.0273678
 145        0.0290958
 155        0.0318513
 165        0.0327387
 175        0.0299365
 185        0.0285821
 195        0.0292826
 205        0.025453
 215        0.0252195
 225        0.0242854
 235        0.024986
 245        0.024519
 255        0.0201289
 265        0.0223239
 275        0.021997
 285        0.0207827
 295        0.0191948
 305        0.0176537
 315        0.0203624
 325        0.0187278
 335        0.0170932
 345        0.0171399
 355        0.0151784
 365        0.0154586
 375        0.0153652
 385        0.0130768
 395        0.01289
 405        0.0126565
 415        0.0118158
 425        0.0115356
 435        0.0102746
 445        0.0100878
 455        0.0100411
 465        0.0101812
 475        0.00943396
 485        0.00864001
 495        0.00798618
 505        0.00700542
 515        0.00756585
 525        0.00709882
 535        0.00756585
 545        0.00527741
 555        0.00569774
 565        0.00560433
 575        0.00439006
 585        0.00434336
 595        0.00471698
 605        0.0033159
 615        0.0033626
 625        0.00448347
 635        0.00382963
 645        0.00294228
 655        0.00256865
 665        0.00312909
 675        0.00247525
 685        0.00233514
 695        0.00261536
 705        0.00224173
 715        0.00177471
 725        0.0016346
 735        0.00135438
 745        0.00158789
 755        0.00158789
 765        0.00154119
 775        0.00112087
 785        0.000560433
 795        0.00126098
 805        0.000887353
 815        0.000980758
 825        0.000560433
 835        0.000607136
 845        0.000467028
 855        0.000653839
 865        0.000280217
 875        0.000467028
 885        0.000186811
 895        0.000046703
 905        0.000046703
 915        0.000280217
 925        0
 935        0
 945        0
 955        0
 965        0
 975        0
 985        0
 995        0
