 5           0.00006526
 15          0.00131242
 25          0.00229674
 35          0.00354354
 45          0.00511845
 55          0.00800577
 65          0.00951506
 75          0.0147647
 85          0.0159459
 95          0.0191614
 105         0.0227705
 115         0.0234924
 125         0.0259203
 135         0.0275609
 145         0.028742
 155         0.0307763
 165         0.0342542
 175         0.0318919
 185         0.0297264
 195         0.0302513
 205         0.0283483
 215         0.0281515
 225         0.0272328
 235         0.0261828
 245         0.0253954
 255         0.0226393
 265         0.0232299
 275         0.0210644
 285         0.0225737
 295         0.0208019
 305         0.018702
 315         0.018177
 325         0.019227
 335         0.0195551
 345         0.0179802
 355         0.0174552
 365         0.0165365
 375         0.0151585
 385         0.0166021
 395         0.0157491
 405         0.0135836
 415         0.0120743
 425         0.0123368
 435         0.011943
 445         0.0104994
 455         0.0125993
 465         0.00905571
 475         0.00990879
 485         0.00794015
 495         0.0080714
 505         0.00728394
 515         0.00603714
 525         0.00689022
 535         0.00649649
 545         0.00551217
 555         0.00584028
 565         0.00584028
 575         0.00524969
 585         0.00518407
 595         0.00393727
 605         0.00295295
 615         0.00433099
 625         0.00282171
 635         0.00380602
 645         0.00282171
 655         0.00269047
 665         0.00223112
 675         0.00236236
 685         0.00183739
 695         0.00242798
 705         0.00203425
 715         0.00229674
 725         0.00137804
 735         0.00183739
 745         0.00164053
 755         0.00144366
 765         0.00137804
 775         0.000853074
 785         0.000918695
 795         0.00111556
 805         0.000459348
 815         0.00111556
 825         0.000459348
 835         0.000721832
 845         0.000328106
 855         0.000328106
 865         0.000459348
 875         0.000328106
 885         0.000131242
 895         0.000065621
 905         0.000196863
 915         0.000065621
 925         0
 935         0
 945         0
 955         0
 965         0
 975         0
 985         0
 995         0
