tensor_dense17bias0 1
-0.721778154
tensor_dense15bias0 8
0.663006663 1.52757847 -0.290988535 -0.397808313 -0.358202457 0.248926505 0.711441994 -0.120542973
tensor_dense17kernel0 4
0.672429502 -1.21314192 1.66284084 -1.10539937
tensor_dense16kernel0 32
0.610667229 0.393547952 0.962034345 -1.15301478 0.130783051 1.44649255 1.33273423 1.34498763 0.475083411 -0.0524409264 0.249525934 -1.20990372 -0.286906928 0.137650222 -0.200402558 0.107367173 1.09381449 -0.83496654 -0.674430609 -1.38920426 0.344627738 -0.200676531 -1.14860439 0.365118772 1.35642445 -2.15018201 0.749068439 0.347181827 -1.78035533 -0.699907184 -0.548095167 0.564911306
tensor_dense16bias0 4
-0.389472425 1.05732262 0.513378799 0.716709614
tensor_dense15kernel0 16
-1.16480434 0.0856602266 -1.18478656 -0.193751827 0.370842218 0.701775014 -0.683241963 -0.0409750156 0.218881145 1.22969437 0.0861539021 -0.787676036 -1.11976051 -1.10004795 1.39226091 1.4040271
